time position_r_x position_r_y angle_r vel_x_r vel_y_r ang_vel_r acc_x_r acc_y_r ang_acc_r
0.0    136.80307006835938 735.1754760742188 -88.59136962890625 0 0 0.0 0 0 0.0 
0.03333333333333333    137.30186462402344 735.2246704101562 -88.59136962890625 0.017512572615388543 0.0017272028545386113 0.0 0 0 0.0 
0.06666666666666667    137.3605499267578 735.2369384765625 -88.64680480957031 0.002060428715432847 0.0004307292478439961 -0.029025792720773616 -0.4635643169986709 -0.03889420820083846 -0.8707737816232084 
0.1    139.0 735.0 -90.0 0.05756074947276427 -0.008318860398658671 -0.7085313448544912 1.6650096227199425 -0.26248768939507994 -20.385166564011524 
0.13333333333333333    139.5 734.0 -90.0 0.017554895514119484 -0.03510979102823897 0.0 -1.200175618759344 -0.803727918887409 21.25594034563474 
0.16666666666666666    141.0 734.0 -90.0 0.052664686542358445 0.0 0.0 1.0532937308471693 1.0532937308471693 0.0 
0.2    146.0 735.5 -90.0 0.17554895514119484 0.052664686542358445 0.0 3.686528057965089 1.5799405962707525 0.0 
0.23333333333333334    146.5 733.5 -90.0 0.017554895514119484 -0.07021958205647794 0.0 -4.739821788812262 -3.6865280579650923 0.0 
0.26666666666666666    150.0 734.5 -90.0 0.12288426859883637 0.03510979102823897 0.0 3.1598811925415076 3.1598811925415076 0.0 
0.3    150.83628845214844 730.8497924804688 -88.87670135498047 0.029361912794261064 -0.1281580232204487 0.5881577951634547 -2.80567067413726 -4.8980344274606304 17.644733854903645 
0.3333333333333333    153.2333984375 730.7422485351562 -88.34770202636719 0.08416203065739833 -0.0037758454462742345 0.2769834007542362 1.6440035358941183 3.7314653332252345 -9.335231832276557 
0.36666666666666664    155.74496459960938 730.5866088867188 -88.29864501953125 0.08818056310525631 -0.0054644755323492045 0.025686188713814253 0.12055597343573939 -0.0506589025822491 -7.538916361212661 
0.4    159.77508544921875 730.4978637695312 -87.85240936279297 0.14149670084833404 -0.003115822519229703 0.23364844349646685 1.5994841322923294 0.07045959039358493 6.238867643479568 
0.43333333333333335    162.54359436035156 730.3670654296875 -87.79740142822266 0.09720176932969045 -0.004592302378754645 0.02880208718920696 -1.3288479455593079 -0.044294395785748265 -6.145390689217797 
0.4666666666666667    166.49703979492188 730.5860595703125 -88.02507019042969 0.13880464304930906 0.007688838513752527 -0.11920708513358182 1.2480862115885585 0.36843422677521526 -4.440275169683664 
0.5    170.00094604492188 730.478271484375 -87.51044464111328 0.12302141622004044 -0.003784417172599488 0.2694573075136723 -0.4734968048780587 -0.34419767059056056 11.659931779417626 
0.5333333333333333    173.04971313476562 730.5742797851562 -87.73949432373047 0.10704157541818632 0.003370831377405999 -0.11993013336953834 -0.47939522405562385 0.21465745650016466 -11.681623226496319 
0.5666666666666667    176.49717712402344 730.5650634765625 -87.51044464111328 0.12103974024022086 -0.0003235826687783254 0.11993013336953834 0.41994494466103643 -0.11083242138552976 7.195808002172303 
0.6    179.982666015625 730.5767211914062 -87.58048248291016 0.12237478661537911 0.00040929993203086195 -0.03667172821039111 0.04005139125474771 0.021986478024275627 -4.698055847397884 
0.6333333333333333    182.05801391601562 730.5027465820312 -87.33700561523438 0.07286503109360934 -0.002597233076551857 0.1274841898015481 -1.4852926656530936 -0.09019599025748158 4.924677540358177 
0.6666666666666666    186.2430877685547 730.3812255859375 -86.98721313476562 0.14693706840039347 -0.004266576778395006 0.18315091448692936 2.222161119203524 -0.05008031105529448 1.6700017405614385 
0.7    190.30157470703125 730.1751098632812 -86.42366790771484 0.14249262830074944 -0.0072366799500953975 0.2950715908780544 -0.1333332029893206 -0.08910309515101175 3.357620291733752 
0.7333333333333333    196.12623596191406 730.78857421875 -87.0643310546875 0.20450263946921568 0.02153860532378112 -0.3354504393258358 1.860300335053988 0.8632585582162956 -18.91566090611671 
0.7666666666666666    198.30862426757812 730.25341796875 -86.633544921875 0.07662319735433774 -0.01878922410495601 0.22555909168535113 -3.8363832634463395 -1.2098348828621142 16.830285930335613 
0.8    204.91827392578125 730.3074340820312 -86.42366790771484 0.23206341826938282 0.0018964944494623708 0.10989134764048464 4.663206627451338 0.6205715566325495 -3.4700323213459847 
0.8333333333333334    210.17510986328125 730.1984252929688 -86.42366790771484 0.18456641123536166 -0.0038272758042257565 0.0 -1.4249102110206349 -0.17171310761064384 -3.29674042921454 
0.8666666666666667    214.6595458984375 730.447509765625 -86.42366790771484 0.15744761207384042 0.00874530378334004 0.0 -0.8135639748456376 0.37717738762697395 0.0 
0.9    219.12826538085938 730.3504638671875 -86.2359619140625 0.15689580719165222 -0.0034072612142883275 0.09828262844882923 -0.01655414646564612 -0.3645769499288511 2.9484788534648776 
0.9333333333333333    224.34768676757812 730.3611450195312 -86.3086166381836 0.18325279417601656 0.00037501302672984734 -0.03804192459123688 0.79070960953093 0.11346822723054527 -4.0897365912019845 
0.9666666666666667    228.01771545410156 730.2345581054688 -86.18592071533203 0.12885394025148023 -0.00444444009964402 0.06424343497598146 -1.6319656177360902 -0.14458359379121605 3.0685607870165508 
1.0    233.52371215820312 729.9356689453125 -85.68397521972656 0.19331439368317835 -0.010493935953691785 0.2628180469161047 1.9338136029509445 -0.181484875621433 5.957238358203699 
1.0333333333333332    238.37330627441406 730.1231079101562 -85.79464721679688 0.17026823599194324 0.0065809428862134926 -0.05794772215903414 -0.6913847307370555 0.5122463651971602 -9.622973072254199 
1.0666666666666667    245.40692138671875 730.1173095703125 -85.2363510131836 0.2469487567660811 -0.00020357850022477428 0.29232320863309263 2.300415623224129 -0.20353564159314738 10.508127923763771 
1.1    251.35589599609375 730.37353515625 -85.60128784179688 0.2088672553674558 0.00899602677835371 -0.1910804766326403 -1.1424450419587566 0.27598815835735363 -14.50211055797194 
1.1333333333333333    257.6160888671875 730.54931640625 -85.42607879638672 0.21979406350057287 0.00617164295418263 0.09173924165050455 0.32780424399351404 -0.08473151472513267 8.484591548494375 
1.1666666666666667    264.090576171875 730.140380859375 -84.95755004882812 0.22731789628256427 -0.01435764159479987 0.24532107855428414 0.22571498345974114 -0.6158785364694731 4.607455107113374 
1.2    270.0558776855469 730.7735595703125 -85.60128784179688 0.2094404895654571 0.02223077222454535 -0.3370603202047887 -0.5363222015132165 1.0976524145803606 -17.471441962772246 
1.2333333333333334    274.077880859375 730.1434326171875 -84.80557250976562 0.14121169094801936 -0.02212362564547968 0.4166355735763564 -2.0468639585231267 -1.3306319361007466 22.61087681343428 
1.2666666666666666    282.11737060546875 730.3953857421875 -84.72611236572266 0.2822648049590215 0.00884602156766177 0.0416052341297629 4.231593420330079 0.9290894163942468 -11.250910183397842 
1.3    285.2415771484375 730.0235595703125 -84.42780303955078 0.10969023885268969 -0.013054739193361314 0.15619439793314732 -5.177236983189938 -0.6570228228306906 3.4376749141015215 
1.3333333333333333    293.0696716308594 730.2337036132812 -84.80557250976562 0.2748427614271425 0.007378113434462082 -0.1977996320629102 4.954575677233602 0.6129855788347041 -10.619820899881764 
1.3666666666666667    300.732666015625 730.1732177734375 -84.2894058227539 0.2690461314996897 -0.0021236451970815928 0.2702642453239663 -0.17389889782358298 -0.2850527589463094 14.041916321606251 
1.4    307.63555908203125 730.3877563476562 -84.64418029785156 0.24235913305180312 0.007532404508316648 -0.18575948077466198 -0.8006099534366006 0.28968149116194825 -13.680711782958896 
1.4333333333333333    314.5792236328125 730.2078857421875 -84.2894058227539 0.24379061134812047 -0.00631521937013063 0.18575948077466198 0.04294434888952067 -0.41542871635341705 11.145568846479685 
1.4666666666666666    323.8931579589844 730.5150146484375 -83.9909896850586 0.32701028784263625 0.010783231717169096 0.15625032431603897 2.4965902948354817 0.5129535326189936 -0.885274693758693 
1.5    328.8709716796875 730.1453857421875 -83.94580841064453 0.1747699995113874 -0.012977593656434031 0.023656859963173873 -4.5672086499374505 -0.7128247612080916 -3.977803930585941 
1.5333333333333332    337.07135009765625 730.4292602539062 -83.84483337402344 0.28791357260736367 0.009966774784688685 0.05287040554079807 3.3943071928793 0.6883310532336839 0.8764063673287291 
1.5666666666666667    345.7427978515625 730.4010009765625 -83.8844985961914 0.30445271855194056 -0.0009921773221481104 -0.02076866176098294 0.4961743783373062 -0.3287685632051029 -2.2091720190534234 
1.6    351.6441650390625 730.4512329101562 -84.21761322021484 0.2071957687340313 0.0017636326914209392 -0.17441840927255955 -2.917708494537269 0.08267430040707124 -4.609492425347284 
1.6333333333333333    361.6654968261719 730.343017578125 -83.2901611328125 0.3518468648700587 -0.003799417693668682 0.4856127773899536 4.339532884080837 -0.16689151155268925 19.800935599875466 
1.6666666666666667    369.7256164550781 730.4695434570312 -83.6598129272461 0.28298911583350544 0.004442297168062706 -0.19354922696314375 -2.065732471096591 0.24725144585194087 -20.374860130592857 
1.7    377.66033935546875 730.5548095703125 -83.38654327392578 0.278586462899697 0.0029936754190948386 0.14308365588668723 -0.1320795880142527 -0.043458652469036185 10.098986485494965 
1.7333333333333334    386.55206298828125 731.0054931640625 -83.9909896850586 0.3121865586289007 0.015823406796418246 -0.31648740078392656 1.0080028718761067 0.384891941319701 -13.787131700118369 
1.7666666666666666    396.2264404296875 730.7686767578125 -83.48019409179688 0.33966537029608257 -0.008314574535496043 0.2674519472128426 0.8243643500154599 -0.7241394399574312 17.518180439903137 
1.8    404.6302490234375 730.7059936523438 -83.21102905273438 0.2950559635678813 -0.0022007907340088756 0.14093448488699328 -1.3382822018460356 0.18341351404461448 -3.795523869775468 
1.8333333333333333    414.33184814453125 730.716064453125 -83.0656509399414 0.3406211177813484 0.0003535837109167132 0.07611980185718982 1.366954626404018 0.07663123334776793 -1.9444404908941109 
1.8666666666666667    422.362548828125 730.7893676757812 -83.0189437866211 0.2819562228113124 0.0025736608291574096 0.024455808290197646 -1.7599468491010746 0.06660231354722068 -1.5499198070097606 
1.9    431.1640625 730.6270141601562 -82.95423126220703 0.3090193057517195 -0.00570019800629368 0.033883398549078146 0.8118924882122158 -0.24821576506353357 0.2828277077664161 
1.9333333333333333    440.769287109375 730.84619140625 -82.87498474121094 0.3372374288144545 0.0076952673084964675 0.04149338136397957 0.8465436918820481 0.4018639594437032 0.22829948444704198 
1.9666666666666666    452.0923156738281 730.7615966796875 -82.87498474121094 0.39754916670472984 -0.002970103171700391 0.0 1.8093521367082672 -0.3199611144059069 -1.2448014409193915 
2.0    462.0213317871094 731.0028686523438 -82.56858825683594 0.34860568085332216 0.008471008540931923 0.16042882406637332 -1.4683045755422266 0.3432333513789684 4.812864721991184 
2.033333333333333    472.6288757324219 730.7838745117188 -82.40535736083984 0.37242865124278335 -0.007688838513752527 0.08546749728336796 0.7146891116838391 -0.48479541164053525 -2.248839803490169 
2.0666666666666664    480.57861328125 730.967529296875 -82.7249984741211 0.2791136240687001 0.006448081128172061 -0.16736369554493963 -2.7994508152225075 0.42410758925773917 -7.584935784849255 
2.1    489.8059387207031 731.0135498046875 -82.69424438476562 0.3239694679287525 0.0016157704123103138 0.016102803531164115 1.345675315801558 -0.144969321475851 5.503994972283059 
2.1333333333333333    501.7833557128906 730.9031982421875 -82.303955078125 0.42052460765378163 -0.0038744202990146515 0.20435500308614027 2.896654191750884 -0.16470572133974956 5.647565986649304 
2.1666666666666665    513.5099487304688 731.429931640625 -81.8698959350586 0.41171823032037413 0.018493499546734758 0.22727283584681715 -0.2641913200022251 0.6710375953724846 0.687534982820309 
2.2    524.4105224609375 731.42138671875 -82.40535736083984 0.38271686576466907 -0.0003000104213838779 -0.28036694691918185 -0.8700409366711439 -0.5638052990435536 -15.229193482979822 
2.2333333333333334    533.7853393554688 731.0565795898438 -82.14668273925781 0.32914786209499636 -0.012808302061510271 0.13544171513870487 -1.6070701100901867 -0.37524874920379314 12.474259861736646 
2.2666666666666666    546.101318359375 731.65234375 -82.12606811523438 0.43241144913532714 0.02091715516520023 0.010793791898091152 3.097907611209934 1.0117637168013187 -3.7394376972184245 
2.3    555.6944580078125 731.3096313476562 -81.7028579711914 0.33681312836135446 -0.012032560829074817 0.22159231324167813 -2.867949623219191 -0.9884914798282548 6.3239556403076325 
2.3333333333333335    567.0170288085938 731.7872314453125 -82.07308197021484 0.39753309471787 0.01676843962377746 -0.19384883258577768 1.8215989906954493 0.8640300135855599 -12.463234374823552 
2.3666666666666667    579.7489624023438 731.4443969726562 -81.57302856445312 0.447015527861978 -0.012036846692237443 0.2618273509905953 1.4844729943232462 -0.8641585894804501 13.670285507291235 
2.4    588.8900146484375 731.2699584960938 -81.8698959350586 0.320940434138566 -0.006124498459393736 -0.15543939176410987 -3.782252811702375 0.17737044698531185 -12.518002282641197 
2.433333333333333    602.193603515625 730.9913330078125 -81.25383758544922 0.4670862250525595 -0.009782482668695733 0.3225673975525775 4.38437372741982 -0.10973952627906028 14.340203679500673 
2.466666666666667    614.2159423828125 731.7752075195312 -81.38435363769531 0.4221018052976283 0.027521670298808167 -0.06833804515197829 -1.349532592647922 1.119124589025106 -11.727163281136558 
2.5    626.5737915039062 731.7503662109375 -80.96051788330078 0.43388150020010813 -0.0008721731535945592 0.22191988205575788 0.3533908470743963 -0.8518153035720849 8.707737816232116 
2.533333333333333    638.0450439453125 731.0618896484375 -80.99149322509766 0.4027532760499495 -0.024172268237215303 -0.016218651038582558 -0.9338467245047626 -0.6990028525086248 -7.144155992830239 
2.5666666666666664    650.8473510742188 731.3463134765625 -80.83765411376953 0.4494863279752324 0.009986061168920507 0.08054997033053664 1.4019915577584927 1.024749882184078 2.9030586410735864 
2.6    662.798583984375 731.6940307617188 -80.61448669433594 0.41960529000539815 0.012208281218742517 0.11685018756886169 -0.8964311390950184 0.06666660149465964 1.089006517149741 
2.6333333333333333    676.5675659179688 731.5946044921875 -80.53767395019531 0.48342607836007423 -0.0034908355459595504 0.04021905878237665 1.9146236506402892 -0.47097350294106366 -2.298933863594559 
2.6666666666666665    688.2962646484375 731.4210815429688 -80.13418579101562 0.4117921614599295 -0.006092354485674034 0.21126590611489587 -2.149017507004351 -0.0780455681914348 5.131405419975595 
2.7    701.629150390625 731.4345703125 -79.99201965332031 0.4681148322115899 0.0004735878794702644 0.07443801562880478 1.6896801225497968 0.19697827095432704 -4.104836714582692 
2.7333333333333334    713.0779418945312 731.263916015625 -79.87532806396484 0.40196467722802615 -0.005991636701352304 0.06109957330914292 -1.9845046495069196 -0.19395673742467776 -0.40015326958985736 
2.7666666666666666    727.4334716796875 731.4873046875 -79.26110076904297 0.5040196508564961 0.007843129587607094 0.32160865956014895 3.0616492088541105 0.41504298866878336 7.815272587530209 
2.8    740.3720703125 731.2040405273438 -79.69515228271484 0.45427149419630525 -0.009945345468875552 -0.22726884110518203 -1.4924446998057321 -0.5336542516944812 -16.466325019959985 
2.8333333333333335    754.1485595703125 731.3980102539062 -79.50852966308594 0.4836896589445758 0.006810236565414028 0.09771537513664236 0.8825449424481075 0.5026674610286824 9.749526487254636 
2.8666666666666667    768.181396484375 731.7297973632812 -79.33021545410156 0.4926899715860921 0.011648976076019715 0.09336510149599793 0.27000937924549107 0.14516218531817113 -0.13050820921933354 
2.9    781.6302490234375 731.904052734375 -79.26110076904297 0.4721864022160854 0.0061180696646497956 0.03618836447254173 -0.6151070811002043 -0.1659271923410982 -1.7153021107036923 
2.933333333333333    795.8304443359375 732.0350341796875 -79.18611907958984 0.49856588998205353 0.004598731173498585 0.03926032078994813 0.7913846329790464 -0.045580154734536464 0.09215868952219236 
2.966666666666667    809.6345825195312 732.326904296875 -78.69007110595703 0.4846604069509108 0.010247498821840744 0.25973011163215787 -0.41716449093427815 0.16946302945026306 6.614093725266227 
3.0    824.3460693359375 731.7692260742188 -78.69007110595703 0.516517227838716 -0.019579965858460658 0.0 0.9557046266341596 -0.8948239404090452 -7.791903348964763 
3.033333333333333    837.5559692382812 731.8607788085938 -78.38851165771484 0.4637968250752434 0.00321439737197012 0.15789615786970795 -1.5816120829041835 0.6838308969129258 4.736884736091255 
3.0666666666666664    851.8231201171875 732.067626953125 -78.17852020263672 0.5009166859267543 0.007262395129071158 0.10995126876501143 1.1135958255453324 0.12143993271303156 -1.438346673140901 
3.1    866.3856811523438 732.20654296875 -77.86317443847656 0.5112884747803113 0.004877312279069329 0.16511465600436773 0.31115366560670454 -0.07155248550005418 1.6549016171806727 
3.1333333333333333    880.883544921875 732.5151977539062 -77.9574203491211 0.509016967304119 0.010836805006701932 -0.04934704341862325 -0.06814522428576679 0.17878478182897872 -6.433850982689752 
3.1666666666666665    896.3776245117188 732.2567749023438 -77.7748794555664 0.5439938965743165 -0.009073172315280993 0.09557818836185378 1.0493078781059297 -0.5972993196594899 4.3477569534143266 
3.2    911.8975219726562 732.97802734375 -77.90524291992188 0.5449003566332121 0.025323022496380607 -0.06825815031927591 0.02719380176686695 1.0318858443498378 -4.915090160433843 
3.2333333333333334    926.740966796875 732.79150390625 -77.73522186279297 0.5211502459175156 -0.006548798912493791 0.08902281733862374 -0.7125033214708993 -0.9561546422662354 4.718429029737006 
3.2666666666666666    942.1161499023438 733.0015869140625 -77.41230773925781 0.539819465853918 0.007375970502880769 0.16907743970640562 0.5600765980920758 0.41774308246123826 2.4016386710334654 
3.3    956.6328735351562 733.2386474609375 -77.09259033203125 0.5096791331627448 0.008323146261821297 0.16740364296129084 -0.904209980735198 0.02841527276821596 -0.05021390235344421 
3.3333333333333335    973.322998046875 733.2669067382812 -77.00537872314453 0.5859867838417342 0.0009921773221481104 0.04566389163104366 2.2892295203696578 -0.21992906819019345 -3.652192539907379 
3.3666666666666667    988.625732421875 733.9234619140625 -76.34957885742188 0.5372758060668991 0.023051515020188387 0.34337600672991164 -1.4613293332450614 0.6617801309412107 8.931363452966071 
3.4    1004.6507568359375 734.0242309570312 -77.09259033203125 0.5626352584001619 0.0035379800407484454 -0.38903989836095526 0.7607835699978907 -0.5854060493832003 -21.972477152726086 
3.433333333333333    1021.152099609375 733.616455078125 -76.50426483154297 0.5793586964607318 -0.014316925894754915 0.30804651170892045 0.5017031418170982 -0.5356471780651028 20.912592302096346 
3.466666666666667    1037.0374755859375 734.4495239257812 -76.6512680053711 0.5577322309421169 0.02924887315334678 -0.07697068182547015 -0.6487939655584427 1.3069739714430382 -11.550515806031603 
3.5    1054.0904541015625 734.7523193359375 -76.97080993652344 0.5987265120926425 0.010631083574895844 -0.16731176390368308 1.2298284345157722 -0.55853368735353 -2.710232462346398 
3.533333333333333    1071.260986328125 734.808837890625 -76.23921203613281 0.6028537983182521 0.0019843546442962208 0.3830637648748174 0.12381858676828945 -0.25940186791798964 16.511265863355074 
3.5666666666666664    1088.58837890625 734.6470947265625 -75.96376037597656 0.6083611324822276 -0.005678768690480546 0.14422615199433123 0.16522002491926477 -0.2298937000433038 -7.165128386414613 
3.6    1107.33740234375 736.17333984375 -76.07904052734375 0.6582742948741795 0.053586147122323215 -0.060360546106645936 1.4973948717585461 1.7779474743840955 -6.137600943029255 
3.6333333333333333    1123.3236083984375 736.2058715820312 -75.96376037597656 0.5612723539144466 0.0011421825328400493 0.060360546106645936 -2.9100582287919994 -1.5733189376845005 3.621632766398769 
3.6666666666666665    1141.9349365234375 736.284912109375 -75.49983215332031 0.6534398412267365 0.0027750963978008703 0.2429122493483075 2.765024619368707 0.0489874159488248 5.476551097249866 
3.6999999999999997    1158.798095703125 736.867919921875 -75.25643920898438 0.5920619948747577 0.020469282464705724 0.12744024764356177 -1.8413353905593703 0.5308255820071475 -3.464160051142383 
3.7333333333333334    1177.196044921875 737.1151123046875 -75.52970886230469 0.6459481524184648 0.008678872904319325 -0.14308365588668723 1.6165847263111972 -0.35371228681158856 -8.115717105907391 
3.7666666666666666    1194.6348876953125 737.3692626953125 -75.0685806274414 0.6122741255497058 0.008923167104589054 0.24144617916821887 -1.0102208060627729 0.0073288260080919 11.535895051647223 
3.8    1212.0001220703125 738.0 -75.96376037597656 0.6096897500626419 0.022145054961292814 -0.46871502027340084 -0.07753126461191959 0.3966566357011142 -21.304835983248665 
3.8333333333333335    1232.581298828125 738.4834594726562 -74.93151092529297 0.7226008150820457 0.016974161055583546 0.5404845484899462 3.38733195058208 -0.15512681717127647 30.275987062900114 
3.8666666666666667    1249.6741943359375 738.8464965820312 -75.0685806274414 0.6001279893468214 0.012746157045652183 -0.07176952821654538 -3.6741847720567393 -0.1268401202979414 -18.36762230119481 
3.9    1268.6697998046875 739.40576171875 -74.05460357666016 0.6669317384626858 0.019635682079574807 0.5309171422738366 2.0041124734759377 0.20668575101767944 18.080600114711523 
3.933333333333333    1286.4747314453125 739.6325073242188 -74.40719604492188 0.6251274291744237 0.007960990824579331 -0.18461698466701798 -1.2541292786478666 -0.3502407376498656 -21.466023808225714 
3.966666666666667    1307.1461181640625 739.1307373046875 -74.74488067626953 0.7257680679592269 -0.017617040529977573 -0.17681125951199575 3.019219163544065 -0.7673409406366997 0.23417175465066511 
4.0    1327.0706787109375 740.5823974609375 -74.2913589477539 0.6995471571302759 0.050967484729958226 0.23746342175800533 -0.7866273248685306 2.0575357577980813 12.428240438100076 
4.033333333333333    1345.761962890625 740.5658569335938 -74.68717956542969 0.6562470815982571 -0.000580734458535935 -0.20725119077160142 -1.2990022659605696 -1.5464465756548305 -13.34143837588825 
4.066666666666666    1364.64453125 741.1790771484375 -74.47589111328125 0.6629630291740933 0.021530033597455863 0.11063037484298163 0.20147842727508786 0.6633230416797564 9.536446968437525 
4.1    1384.8389892578125 742.0172119140625 -74.29136657714844 0.7090232005828438 0.02942673647459579 0.09661682118698468 1.38180514226252 0.23690108631419868 -0.42040660967991 
4.133333333333333    1404.70751953125 741.7735595703125 -74.05460357666016 0.6975799459386303 -0.008554582872603146 0.12396881716264349 -0.34329763932641005 -1.1394395804159723 0.8205598792697675 
4.166666666666667    1426.1087646484375 742.3079833984375 -74.47589111328125 0.7513932438085726 0.01876350892598025 -0.2205856383496282 1.6143989360982358 0.8195427539574829 -10.336633665367911 
4.2    1444.694091796875 741.224853515625 -73.87242126464844 0.652526952373097 -0.03802846384198783 0.3159760738546314 -2.9659887430642797 -1.7037591830390486 16.096851366127844 
4.233333333333333    1464.7734375 741.7915649414062 -74.380615234375 0.7049816316204868 0.019897119732495045 -0.26608974031526705 1.5736403774216976 1.7377675072344925 -17.461974425097015 
4.266666666666667    1484.1043701171875 741.6884155273438 -73.97970581054688 0.6787050045704217 -0.003621554372419669 0.20991568344222572 -0.788298811501955 -0.7055602231474439 14.280162712724835 
4.3    1502.7344970703125 741.4730834960938 -74.74488067626953 0.6540998641537811 -0.007560262618873722 -0.4006446228109755 -0.7381542124992211 -0.11816124739362203 -18.3168091875961 
4.333333333333333    1524.457275390625 742.0020751953125 -74.26799011230469 0.7626822073789317 0.018572788015243355 0.24969931538637444 3.2574702967545313 0.783991519023515 19.510318145920568 
4.366666666666666    1544.865234375 741.3876342773438 -74.14806365966797 0.7165191752542782 -0.02157289222908213 0.06279334376243331 -1.3848909637396114 -1.204370407329769 -5.607179148718253 
4.4    1573.540771484375 744.26953125 -73.89869689941406 1.0067921155326678 0.10118280047487545 0.13056813034385986 8.70818820835149 3.682670781118642 2.0332435974427487 